0.0 0.0 0.0 0.0 20.16002690765404 27.437808350030288
0.0 0.0 0.0 0.0 0.9298218989339657 0.9802095340094227
0.0 0.0 0.0 0.0 -1.0 29.519722512440865
0.0 0.0 0.0 0.0 19.38614800091223 27.1244979577833
0.0 0.0 0.0 0.0 0.9323413447214945 0.9852631503139314
0.0 0.0 0.0 0.0 -1.0 33.20312863772305
0.0 0.0 0.0 0.0 15.197570107499764 23.390195483089244
0.0 0.0 0.0 0.0 0.7340758088194205 0.9072234381052966
0.0 0.0 0.0 0.0 -1.0 24.05330966071
0.0 0.0 0.0 0.0 13.766484979462021 22.975536678804495
0.0 0.0 0.0 0.0 0.7768479575125942 0.9250910283752779
0.0 0.0 0.0 0.0 -1.0 21.835665522680205
0.0 0.0 0.0 0.0 16.755792955060663 21.408004589698827
0.0 0.0 0.0 0.0 0.5078887364232031 0.6438307854847297
0.0 0.0 0.0 0.0 -1.0 12.928128146933714
0.0 0.0 0.0 0.0 22.402277110594486 32.956549550431355
0.0 0.0 0.0 0.0 0.9620515680324317 0.9956778149727459
0.0 0.0 0.0 0.0 -1.0 31.274642709544075
0.0 0.0 0.0 0.0 26.81024290398563 35.64272848000495
0.0 0.0 0.0 0.0 0.985432652326899 0.9980484806031392
0.0 0.0 0.0 0.0 -1.0 38.17142078382933
0.0 0.0 0.0 0.0 17.781318410425676 26.113824336415732
0.0 0.0 0.0 0.0 0.809017940893423 0.9499979570002924
0.0 0.0 0.0 0.0 -1.0 30.902801626138572
0.0 0.0 0.0 0.0 26.759060169525064 24.461385034874144
0.0 0.0 0.0 0.0 0.9631298369720441 0.9423315068053368
0.0 0.0 0.0 0.0 -1.0 32.24595912701021
0.0 0.0 0.0 0.0 21.431667063476176 26.68812936022754
0.0 0.0 0.0 0.0 0.9194389576957787 0.9703894201270596
0.0 0.0 0.0 0.0 -1.0 33.827792161773466
0.0 0.0 0.0 0.0 20.045058860859577 26.819865982135987
0.0 0.0 0.0 0.0 0.8520046702331253 0.9298063115797233
0.0 0.0 0.0 0.0 -1.0 28.79625708887835
