8.856268762983301 8.79621377943957 8.856268762983301 8.856268762983301 9.111867081636317 9.33105188232975
0.5945049896724945 0.5926972547550459 0.5945049896724945 0.5945049896724945 0.6004160749646958 0.6030635682116107
28301.077187318522 28300.580752756283 28301.077187318522 28301.077187318522 -1.0 8.681840259204193
5.010129153910876 9.765635536240108 5.010129153910876 2.9458256382590067 4.799283882831218 6.73196593681668
0.22097166689546763 0.6619887449065561 0.22097166689546763 0.03079556205819502 0.21136355969450255 0.36049867052136464
12548.817431847103 9730.638442510017 12548.817431847103 13756.329172657724 -1.0 9.109275383332456
8.222005450105998 8.106449951613888 8.222005450105998 8.222005450105998 8.26175724267554 8.19947276793067
0.43417033466822047 0.4350878638388539 0.43417033466822047 0.43417033466822047 0.43646761054043104 0.4360052294274756
18576.153448996374 18562.566221447785 18576.153448996374 18576.153448996374 -1.0 8.102614704938441
9.370807168012773 9.367582328835116 9.370807168012773 9.370807168012773 9.366882478942 9.358094212667202
0.5636060498312585 0.5624096681738597 0.5636060498312585 0.5636060498312585 0.5615078223492773 0.5593107835312547
22841.873557388986 22839.54550203865 22841.873557388986 22841.873557388986 -1.0 7.922515694157893
7.376349541956413 7.35211471768667 7.376349541956413 7.376349541956413 7.46614347158444 6.137519743801618
0.2545609062885973 0.1785724342178451 0.2545609062885973 0.2545609062885973 0.19417114351709036 0.16510797576035968
21220.054576533556 21214.88194490983 21220.054576533556 21220.054576533556 -1.0 6.694273252666295
9.665696191847926 9.661636081428062 9.665696191847926 9.665696191847926 9.609209898807041 9.475822982648854
0.6459815596107052 0.6458684615478034 0.6459815596107052 0.6459815596107052 0.6438687541309402 0.6370484317909837
20313.716056055237 20312.47943785119 20313.716056055237 20313.716056055237 -1.0 8.873373530189381
8.891714045170698 10.688398652205516 10.33867732621869 7.083009943860705 9.745158084499186 9.047742365010468
0.375631039762422 0.7385145503807788 0.6661660024350244 0.012462336421669105 0.5234127342594681 0.3780082060306959
41513.702589241904 30022.46369149269 32320.990910664426 53004.59218746375 -1.0 9.79940639515316
7.487668866278668 8.713277796789853 8.189475006666052 6.961314260988128 7.461463142979889 7.840470819465031
0.18316039181167926 0.48902861170988227 0.35739041137262156 0.05248787714097257 0.2604396405983062 0.2680063692818071
36216.398373298834 22010.16819389018 28098.9240038175 42304.50415040985 -1.0 9.012512162751001
6.226191170800898 8.228834747503353 7.481428910684852 5.724096074847316 6.393738506630762 6.493369702575836
0.13625216892371186 0.5086119715894175 0.3688563156644991 0.043210510227396956 0.2209297461499517 0.1820985333590984
29903.27727818596 17629.256915898095 22232.07182590441 32971.75945909858 -1.0 9.462843955207024
6.266388097304481 7.590117210007435 6.266388097304481 5.799318507196352 6.277610820715339 7.022821470659426
0.2728457021745627 0.4350130304328462 0.2728457021745627 0.20534819679918517 0.2724170241535303 0.3719007416424672
30319.495282324242 17696.54532284369 30319.495282324242 33407.868653265425 -1.0 9.373811340243716
7.737321844837204 8.827026080174956 8.07772256096914 7.20046915400579 7.849311461130173 7.963833188390554
0.3681684809639119 0.5247792591552888 0.4379053938613451 0.2837128322718695 0.3924994110358193 0.3961048509557118
26175.456578119072 20831.91264256384 23677.317428085036 28669.7928449188 -1.0 8.703246667784356
