0.0 0.0 0.0 0.0 14.999474951334955 18.4049038551454
0.0 0.0 0.0 0.0 0.7991693668328146 0.8880290929359671
0.0 0.0 0.0 0.0 -1.0 16.825294538451878
0.0 0.0 0.0 0.0 12.463348827285397 16.198720947338753
0.0 0.0 0.0 0.0 0.7673904999569492 0.8713536164768015
0.0 0.0 0.0 0.0 -1.0 18.91309209931134
0.0 0.0 0.0 0.0 12.313021141266926 13.769324219324393
0.0 0.0 0.0 0.0 0.6306638282354364 0.6735484552214592
0.0 0.0 0.0 0.0 -1.0 15.211483691477875
0.0 0.0 0.0 0.0 11.573706144765485 12.653852155016518
0.0 0.0 0.0 0.0 0.6860048696382322 0.7165032808134402
0.0 0.0 0.0 0.0 -1.0 15.039994678192784
0.0 0.0 0.0 0.0 14.341805979422759 14.665935564653571
0.0 0.0 0.0 0.0 0.42492151990381455 0.4159547866451859
0.0 0.0 0.0 0.0 -1.0 12.228460283858208
0.0 0.0 0.0 0.0 16.537310215421478 17.973173364850513
0.0 0.0 0.0 0.0 0.8728672751760073 0.902284807325365
0.0 0.0 0.0 0.0 -1.0 17.054069752167088
0.0 0.0 0.0 0.0 16.40896065363503 20.269810409941044
0.0 0.0 0.0 0.0 0.8939526781394894 0.9508404039628667
0.0 0.0 0.0 0.0 -1.0 20.452090618156877
0.0 0.0 0.0 0.0 11.555101222862657 14.262587803673785
0.0 0.0 0.0 0.0 0.6504518660271852 0.7143605917008307
0.0 0.0 0.0 0.0 -1.0 18.69246058712772
0.0 0.0 0.0 0.0 10.697430544272388 13.647579229961298
0.0 0.0 0.0 0.0 0.6398493583263576 0.7207869555841828
0.0 0.0 0.0 0.0 -1.0 19.11104242816998
0.0 0.0 0.0 0.0 12.30661657610581 14.664429215003528
0.0 0.0 0.0 0.0 0.7215626390593962 0.7790278446279316
0.0 0.0 0.0 0.0 -1.0 19.524688982698247
0.0 0.0 0.0 0.0 13.319677625637288 15.651031676490883
0.0 0.0 0.0 0.0 0.7086833901295683 0.7632689835294031
0.0 0.0 0.0 0.0 -1.0 17.3052677659612
