Im001_1

0.971086834837 0.957847533632 0.971080352214 0.971066782246
Im002_1

0.945274226259 0.0414634146341 0.944947598523 0.944946773581
Im003_1

0.952666489217 0.120082815735 0.952308055007 0.952305589366
Im004_1

0.950409471687 0.223529411765 0.950220751419 0.950217862309
Im005_1

0.950445352284 0.114090131204 0.949067703163 0.949058129661
Im006_1

0.948195683585 0.0859598853868 0.947368276337 0.94736393451
Im007_1

0.945792040572 0.0359195402299 0.945516781236 0.945516189185
Im008_1

0.942977549704 0.00341463414634 0.942101415885 0.942101231529
Im009_1

0.946797363868 0.0228310502283 0.946620640566 0.946620407468
Im010_1

0.944417237344 0.0181124880839 0.943982463982 0.943981987754
Im011_1

0.94467632652 0.0300120048019 0.943991169303 0.943989910117
Im012_1

0.946227604334 0.0255564715581 0.94572865534 0.945727903666
Im013_1

0.949093012722 0.109489051095 0.948786948437 0.948784904315
Im014_1

0.949679486068 0.295285359801 0.949565157829 0.949562555819
Im015_1

0.945188546166 0.0209157716224 0.94444608423 0.944445150825
Im016_1

0.946732989677 0.0927475592748 0.946177606913 0.946174360277
Im017_1

0.946681865324 0.157894736842 0.946623871632 0.94662325199
Im018_1

0.946766440103 0.0371024734982 0.946541634302 0.946541144129
Im019_1

0.944846581425 0.0300075018755 0.944303493056 0.944302500874
Im020_1

0.94611771788 0.0 0.946086483033 0.946086483033
Im021_1

0.947331807292 0.182857142857 0.947274291397 0.947273566017
Im022_1

0.945949026434 0.0 0.94583552661 0.94583552661
Im023_1

0.949498714385 0.265774378585 0.949343228639 0.949340166772
Im024_1

0.947211811687 0.110447761194 0.947090628719 0.947089782398
Im025_1

0.945876476256 0.0 0.945792155532 0.945792155532
Im026_1

0.945780140972 0.0 0.94567283426 0.94567283426
Im027_1

0.947444244272 0.3 0.947416493756 0.947415817603
Im028_1

0.946556678368 0.0927835051546 0.94652117814 0.946520971819
Im029_1

0.950487401695 0.435975609756 0.950414669245 0.950411613092
Im030_1

0.947115137453 0.392857142857 0.947095192154 0.947094444218
0.947912430914 0.117700802415 0.947606280162 0.947604005987
