0.965377603536 0.971113575988 0.970961769689 0.468043333724
0.978820260424 0.966547468142 0.966902019457 0.460728249224
0.972276432737 0.982468049966 0.982077833798 0.675020710907
0.993732431026 0.975827280927 0.976194441029 0.46120393904
0.689671519774 0.972710824228 0.949767636088 0.526722317208
0.865477667071 0.981054370236 0.973813159261 0.674339572547
0.971892599869 0.973866686112 0.973834508389 0.377121831229
0.885512656932 0.97018848333 0.965598014702 0.582538860104
0.997771939044 0.973888193246 0.974373360387 0.441625498898
0.923345726418 0.971962591829 0.969919078264 0.563360727877
0.948703164669 0.979997180558 0.978560351424 0.670150498926
0.972279551193 0.983091504667 0.982650844401 0.695501315208
0.995142114991 0.99207406032 0.992178960349 0.813099465328
0.997111070133 0.968055118949 0.96845879789 0.305171473183
0.947228124093 0.981824520302 0.979940359075 0.72002050084
0.92125564251 0.974412190541 0.971561253211 0.634690273253
1.0 0.983781056067 0.983875003416 0.264284740215
0.842987165506 0.953491473771 0.951241579904 0.260360126951
0.864609121417 0.960490082541 0.956769296196 0.4369755376
0.916517657577 0.996289435199 0.995984655955 0.465833570009
1.0 0.932850889424 0.933276288463 0.0867128371468
1.0 0.979959861276 0.980088949008 0.244434362747
1.0 0.990930967252 0.991080334208 0.648689100785
1.0 0.982307753439 0.982509513172 0.394674232685
0.872990877498 0.995871922878 0.994905671012 0.574014567266
0.999535056723 0.975257141971 0.975480099197 0.272388627034
1.0 0.934500466213 0.934733152976 0.0516205886733
1.0 0.902819805276 0.903174871564 0.036362786468
1.0 0.974244022617 0.974448936301 0.237441700436
1.0 0.942278881759 0.942454705689 0.0502727157414
all
0.914173321227 0.970693415824 0.969227181482 0.435238246739
