1.0 0.91861703768 0.920780241632 0.251233204305
1.0 0.902999527644 0.905815301474 0.235595421735
1.0 0.936643530321 0.939084381783 0.387421367344
1.0 0.941549363059 0.942754272955 0.264759552569
1.0 0.905213797228 0.912937331721 0.483449881075
1.0 0.915035767155 0.920388026907 0.441735706373
1.0 0.936692347389 0.937730207175 0.208404985342
1.0 0.91719315391 0.921707424102 0.410484048263
1.0 0.938800133152 0.940050986434 0.254252686822
1.0 0.927497183695 0.930562630298 0.378457138024
1.0 0.920427336425 0.924100632484 0.378190834594
1.0 0.940063439056 0.942520811615 0.41632900516
1.0 0.94812886575 0.949913550711 0.407208893138
1.0 0.934394158537 0.935310852738 0.177630501479
1.0 0.931547811102 0.935298142705 0.458514122202
1.0 0.920941167071 0.925205791007 0.419013720382
1.0 0.700992129452 0.702733200675 0.0192115694263
1.0 0.912188007592 0.913987552142 0.192413848761
1.0 0.90471196187 0.908430917271 0.298845850322
1.0 0.677710573515 0.678947978168 0.0118175490868
1.0 0.676306356705 0.678366242635 0.0194016442426
1.0 0.675302023685 0.677404140984 0.019673841459
1.0 0.950123075777 0.950952455675 0.253190064852
1.0 0.686969228139 0.69055492223 0.0356957653713
1.0 0.675626088834 0.678189951797 0.023972393217
1.0 0.688409460622 0.691285952993 0.0290352802685
1.0 0.670916755704 0.672091655084 0.0107705890425
1.0 0.698218869233 0.699328210931 0.0120782254593
1.0 0.686848900327 0.689352434458 0.0250897456958
1.0 0.699014368942 0.699936123741 0.0101028983168
all
1.0 0.836201141298 0.840474132844 0.140544385542
