1.0 0.952049765441 0.953319615537 0.361967776032
1.0 0.934165613885 0.936068985262 0.311403730825
1.0 0.975213710136 0.976163008971 0.616376021611
1.0 0.965875354098 0.966575359317 0.380311693248
0.967584020425 0.933935412711 0.936661205394 0.553072288793
1.0 0.95662348547 0.959343790616 0.606692329002
1.0 0.964972245958 0.965543384062 0.321211305292
1.0 0.950582159752 0.953263204853 0.537210748785
1.0 0.967990663271 0.968641086707 0.393194816358
1.0 0.957422451269 0.959213063713 0.507655416033
1.0 0.954608005103 0.95669400536 0.514839871112
1.0 0.973521960456 0.974601582563 0.61617961281
1.0 0.987299033663 0.987733407363 0.736012941533
0.0 0.999999567002 0.986106414303 0.0
1.0 0.965949407062 0.967804632169 0.628571006165
1.0 0.95575825292 0.958132363609 0.561732480658
1.0 0.991604903911 0.99165353591 0.409700410727
1.0 0.943748367719 0.944894037509 0.269856990057
1.0 0.937342320158 0.939775203711 0.391994065205
1.0 0.996280191829 0.996294404799 0.507659139907
6.73990698928e-05 1.0 0.993665286659 6.73990698928e-05
1.0 0.988262984452 0.988338599547 0.355860637369
1.0 0.991951076019 0.992083657523 0.675404037751
1.0 0.994976207179 0.995033505687 0.69664562575
0.0 0.999999139266 0.992135831752 0.0
0.997023255814 0.990001224199 0.990065704728 0.479595489529
1.0 0.991981870714 0.992010357924 0.307806141324
0.0 0.999973001061 0.996319356852 0.0
1.0 0.989070104331 0.989157080334 0.423265639907
1.0 0.988148901016 0.988185017382 0.205047137273
all
0.955796751536 0.973650248329 0.973187001477 0.480500869089
