1.0 0.950017029375 0.951340775654 0.352446478833
1.0 0.932509697704 0.934461032501 0.306111922978
1.0 0.974232303224 0.975219234832 0.607165104816
1.0 0.964606613674 0.965332727301 0.371773831457
0.970827375519 0.932413090122 0.935524469727 0.549462625683
1.0 0.952008133426 0.955018622006 0.582386397463
1.0 0.964298880451 0.964881024588 0.317083907836
1.0 0.947071469017 0.949943563528 0.520164858576
1.0 0.967017640237 0.967687868802 0.386085502824
1.0 0.95563572369 0.957501557244 0.497390320185
1.0 0.951619421227 0.9538430895 0.498942083724
1.0 0.971536597076 0.972697332023 0.598977158635
1.0 0.986029657621 0.986507509355 0.717122054754
1.0 0.962326027247 0.962849628881 0.27225490114
1.0 0.965500011746 0.967379692165 0.625500821421
1.0 0.953077012351 0.955595744699 0.547275365223
1.0 0.734177751383 0.735727373672 0.0215827338129
1.0 0.942639948932 0.943808274087 0.26604327304
1.0 0.936162788734 0.938641549707 0.387565990908
1.0 0.716301654744 0.71739091257 0.0134037775644
1.0 0.714799938999 0.716616385268 0.0219809035622
1.0 0.69707584342 0.699038323624 0.0210722457041
1.0 0.730284612424 0.734754172169 0.0588019183453
1.0 0.726593042139 0.729728209604 0.0407009437657
1.0 0.708307993835 0.71061476552 0.0266008002196
1.0 0.693805130285 0.696632252248 0.0295363285305
1.0 0.692043615608 0.693143590157 0.0115062067134
1.0 0.7281698125 0.729168849955 0.0133884915612
1.0 0.697146980971 0.699568958672 0.0259288997369
1.0 0.727622380786 0.728456922865 0.0111574571508
all
0.9969660354 0.857635071311 0.861258423261 0.157446833587
