1.0 0.951390095798 0.952677405255 0.358816276202
1.0 0.934165613885 0.936068985262 0.311403730825
1.0 0.974904114505 0.975865272294 0.61343704251
1.0 0.965875354098 0.966575359317 0.380311693248
0.967584020425 0.933935412711 0.936661205394 0.553072288793
1.0 0.957591445426 0.960250865422 0.612047067068
1.0 0.964972245958 0.965543384062 0.321211305292
1.0 0.950582159752 0.953263204853 0.537210748785
1.0 0.967990663271 0.968641086707 0.393194816358
1.0 0.957422451269 0.959213063713 0.507655416033
1.0 0.954608005103 0.95669400536 0.514839871112
1.0 0.973074292188 0.974172189674 0.612211782061
1.0 0.98702638018 0.987470086792 0.731869156316
1.0 0.963454832952 0.963962675033 0.278295230031
1.0 0.965500011746 0.967379692165 0.625500821421
1.0 0.956277426202 0.958623538579 0.564621110642
1.0 0.991604903911 0.99165353591 0.409700410727
1.0 0.943748367719 0.944894037509 0.269856990057
1.0 0.93675573973 0.939211410672 0.389776645566
1.0 0.716301654744 0.71739091257 0.0134037775644
1.0 0.694757291613 0.696700021491 0.0205530213094
1.0 0.675302023685 0.677404140984 0.019673841459
1.0 0.99183035127 0.99196492169 0.67213229016
1.0 0.700820639571 0.704248189385 0.0372923008182
1.0 0.691498576909 0.693937367305 0.0251786266055
1.0 0.678100078735 0.681070829382 0.028123046829
1.0 0.686626193632 0.687745337277 0.0113077278534
1.0 0.7281698125 0.729168849955 0.0133884915612
1.0 0.66840608851 0.671055300126 0.0237118387396
1.0 0.727622380786 0.728456922865 0.0111574571508
all
0.996628087673 0.871618053074 0.874867047446 0.171498005114
