30.48547894579906 29.932372297032355 29.002975440704414 29.86726232706973
0.9899211173005653 0.9888814984230303 0.9866661007346105 0.9885840869881646
29017.105180756014 29017.440181119524 29016.44721543877 29016.804095583717
28.811563358160395 37.39981866924313 29.172448463709564 31.16767939123806
0.9893562378867296 0.9985412100045317 0.9875415440904172 0.9923722332017109
17679.859784724606 14933.881532088208 17679.1880625387 17679.49402095071
25.664643497949164 24.352621452901204 22.4338586586588 25.68628849755247
0.9359644493597614 0.9204476632872906 0.8874367659116704 0.9352614010585286
19004.87559593622 19004.4112262056 19004.34867911613 19004.735689883888
24.33916602857105 38.6195996585924 22.661069767615714 24.200231412046115
0.9394841786829703 0.9975403318170303 0.9167718402970244 0.9372926574586702
23202.914856249707 23202.068247796735 23202.55766906802 23202.792369513132
27.017860854661155 23.65131911649068 25.379473859679166 27.016286689364165
0.8288529617361187 0.7323063272033776 0.7841704569628539 0.8293444578233402
21438.25203196813 21436.046648128726 21438.054985038372 21438.18841865492
34.38140854647703 34.03359165136821 32.216705589976286 34.04979386065055
0.9968567087076069 0.996525989143848 0.9948377616290085 0.9965482682580147
21472.5523555906 21471.919051132852 21471.65678249504 21472.11314418244
35.735145502684176 35.86642970779535 34.38514581943575 35.493815528372686
0.9980803097150874 0.9981585191988248 0.9973124693165374 0.997951643941966
57403.226148672016 52103.27656332721 57401.264825840444 57402.82888194143
26.59846924191661 26.50009669920035 25.4970215537519 26.300701713775187
0.954003810475325 0.9536227445543922 0.9403678165135743 0.9507762528689863
43615.60375785003 43615.87487218783 43614.59546504646 43615.33462597473
23.315284146241645 35.6871071943492 27.14893691278449 24.792081112364635
0.9280350467703082 0.9949434496746254 0.9514099248152401 0.9446323703625836
34615.49534630145 29668.70257896407 34614.82903367457 34615.17818662362
29.752290415869385 36.496573891536585 32.62214967687028 30.21304847238941
0.9838580534347209 0.9966672104263472 0.9898285203067095 0.9839141847368756
35332.640006592774 30344.54716988792 35331.74688864131 35332.3279753737
28.610131053832966 32.25395303385095 28.051978574318632 28.8787189004823
0.9544412874069194 0.9577634943733297 0.9436343200577646 0.955667755669884
30278.252506464156 28479.816807083866 30277.46896068978 30277.979740868228
