8.856268762983301 8.777804354436766 8.856268762983301 8.856268762983301
0.5945049896724945 0.5921678527985968 0.5945049896724945 0.5945049896724945
28301.077187318522 28299.99139697415 28301.077187318522 28301.077187318522
5.010129153910876 9.782179921886797 5.010129153910876 2.9458256382590067
0.22097166689546763 0.6627251990425151 0.22097166689546763 0.03079556205819502
12548.817431847103 9730.841760568146 12548.817431847103 13756.329172657724
8.222005450105998 8.10850212724442 8.222005450105998 8.222005450105998
0.43417033466822047 0.435110505664269 0.43417033466822047 0.43417033466822047
18576.153448996374 18562.21790779633 18576.153448996374 18576.153448996374
9.370807168012773 9.367205430673765 9.370807168012773 9.370807168012773
0.5636060498312585 0.562494019820203 0.5636060498312585 0.5636060498312585
22841.873557388986 22839.778993793185 22841.873557388986 22841.873557388986
7.376349541956413 7.35211471768667 7.376349541956413 7.376349541956413
0.2545609062885973 0.1785724342178451 0.2545609062885973 0.2545609062885973
21220.054576533556 21214.88194490983 21220.054576533556 21220.054576533556
9.665696191847926 9.660764921134392 9.665696191847926 9.665696191847926
0.6459815596107052 0.6458381085222855 0.6459815596107052 0.6459815596107052
20313.716056055237 20311.95269658148 20313.716056055237 20313.716056055237
8.891714045170698 10.694408399343102 10.33867732621869 7.083009943860705
0.37563103976242196 0.7386571467419769 0.6661660024350244 0.012462336421669105
41513.702589241904 30022.63834125637 32320.990910664426 53004.59218746375
7.312217331181822 8.712913251766034 8.189475006666052 6.961314260988128
0.1396028869214437 0.4891665668051043 0.35739041137262156 0.05248787714097257
38245.76696566917 22010.075332059274 28098.9240038175 42304.50415040985
6.226191170800898 8.226922478466063 6.979333814731271 5.724096074847316
0.13625216892371186 0.5086763608828996 0.2758146569681842 0.043210510227396956
29903.27727818596 17629.22636968563 25300.55400681703 32971.75945909858
6.032853302250417 8.12626935885839 6.499922892358545 5.799318507196352
0.23909694948687393 0.5431431945744173 0.3065944548622515 0.20534819679918517
31863.68196779483 17965.92542096718 28775.30859685365 33407.868653265425
7.696423211822113 8.88090849614964 8.050866530879187 7.20046915400579
0.3604378552061195 0.5356551389070112 0.4319761032604825 0.2837128322718695
26532.812105903162 20858.75301645916 23829.74697762924 28669.7928449188
