20.457743222175615 20.50937027299197 20.384971908500695 20.460066036301992
0.9276548204315527 0.928869419669266 0.9275307460649904 0.9278418404882268
28892.01759046577 28891.888730127605 28890.304729287156 28891.966400697165
15.657511143873915 17.160281861125373 15.660569212308626 15.630303989008686
0.8655631744028346 0.8983561194544473 0.8656396478738634 0.8649305078155329
17528.134076006165 10719.916723577164 17527.93452402426 17528.128889751977
13.979850141208198 13.978611363743378 13.845711580695749 13.951089926331392
0.6967090799383457 0.6983485212185288 0.6957380925833853 0.6964815083661421
18938.046662385714 18937.764780387766 18937.499327665275 18938.01263360404
12.79663396577769 12.807785127290524 12.679050051215157 12.802520745043031
0.7642070581756546 0.7639080246785779 0.7472397762987455 0.7642434036139174
23139.85053141649 23139.78321710442 23139.4378698888 23139.847548638885
17.08258744101085 14.761681817192946 16.93849374669406 17.163179193859428
0.5189066337844757 0.43358751029460335 0.5164336515321761 0.5214323707568473
21414.995651326964 21398.259012273287 21414.67222470551 21414.981486611265
19.913191845275808 19.862143257112784 19.914227855457696 19.887036532645464
0.935388179966154 0.9347548919120324 0.9355161184410349 0.9349565332089209
21301.914015909715 21301.86478861981 21301.53214562779 21301.849630892822
19.87791683414695 20.484226893057375 19.696318590962882 19.881308882506126
0.9502988653310844 0.9506851741270774 0.9492021458577332 0.950175924637185
57171.301792793114 30743.500604844805 57169.098197630534 57171.208905414926
13.624569702720262 14.752749033672742 13.161570217161195 13.568892692039952
0.7038085204130287 0.7308026293464662 0.6980627417389115 0.7028740548438261
43497.44605666059 22377.2355545483 43493.71861010384 43497.400336103616
13.45128737367784 14.463484493634988 14.011687427436266 13.528730215073901
0.7172619569932668 0.74719399467368 0.730688272687639 0.7184599904584557
34485.084738166406 18046.823169230942 34475.40839919947 34485.03621932381
13.980355128567044 15.362181761751378 13.778982634229545 14.03102808518102
0.7643462094963819 0.801243205960831 0.7606985086689168 0.7650567892321876
35178.68657415568 18609.410669557452 35176.78949425671 35178.59444129106
16.08216467984342 16.414251588157345 16.00715832246619 16.090415629799097
0.7844144498932778 0.788774949133551 0.7826749701747395 0.7846452923421242
30154.747768928664 21416.644725027156 30152.639552238932 30154.702649232953
