/usr/local/lib/python2.7/dist-packages/scipy-0.18.1-py2.7-linux-x86_64.egg/scipy/_lib/_numpy_compat.py:10: DeprecationWarning: Importing from numpy.testing.nosetester is deprecated, import from numpy.testing instead.
  from numpy.testing.nosetester import import_nose
/usr/local/lib/python2.7/dist-packages/scipy-0.18.1-py2.7-linux-x86_64.egg/scipy/stats/morestats.py:16: DeprecationWarning: Importing from numpy.testing.decorators is deprecated, import from numpy.testing instead.
  from numpy.testing.decorators import setastest
-0.824440238090276
-0.6842691748295476
-0.8521820517806372
0
[-0.85218205 -0.82595364 -0.82444024 -0.80558007 -0.80183623 -0.80114487
 -0.8007781  -0.79719931 -0.68426917 -0.85218205]
------ -0.8521820517806372
1
[-0.85218205 -0.85218205 -0.82444024 -0.81360435 -0.81326665 -0.80464105
 -0.80369637 -0.8030027  -0.80300055 -0.68426917]
------ -0.8521820517806372
2
[-0.85218205 -0.85218205 -0.82444024 -0.81169381 -0.80969045 -0.8071293
 -0.80473532 -0.79482854 -0.78183062 -0.68426917]
------ -0.8521820517806372
3
[-0.85218205 -0.85218205 -0.82700229 -0.82444024 -0.8066423  -0.80663455
 -0.80172386 -0.80098545 -0.78828761 -0.68426917]
------ -0.8521820517806372
4
[-0.85218205 -0.85218205 -0.82561092 -0.82444024 -0.82376915 -0.80729365
 -0.79217091 -0.78850383 -0.78167888 -0.68426917]
------ -0.8521820517806372
5
[-0.85218205 -0.85218205 -0.82444024 -0.81281465 -0.80867289 -0.80335811
 -0.80224719 -0.80217797 -0.79757795 -0.68426917]
------ -0.8521820517806372
6
[-0.85218205 -0.85218205 -0.82444024 -0.81651145 -0.81486704 -0.81090844
 -0.80374659 -0.80325545 -0.80249204 -0.68426917]
------ -0.8521820517806372
7
[-0.85218205 -0.85218205 -0.82444024 -0.81984639 -0.79950584 -0.79689843
 -0.79269824 -0.79115295 -0.79067633 -0.68426917]
------ -0.8521820517806372
8
[-0.85218205 -0.85218205 -0.82444024 -0.82357939 -0.82111571 -0.81351447
 -0.79856686 -0.78435728 -0.78330163 -0.68426917]
------ -0.8521820517806372
9
[-0.85218205 -0.85218205 -0.82444024 -0.82062198 -0.81580436 -0.8116484
 -0.81036041 -0.79966138 -0.78588104 -0.68426917]
------ -0.8521820517806372
10
[-0.85218205 -0.85218205 -0.82444024 -0.81406594 -0.81176935 -0.80848258
 -0.80152893 -0.80034315 -0.79283502 -0.68426917]
------ -0.8521820517806372
11
[-0.85218205 -0.85218205 -0.82444024 -0.8227737  -0.81723758 -0.80465419
 -0.801102   -0.79735161 -0.78896241 -0.68426917]
------ -0.8521820517806372
12
[-0.85218205 -0.85218205 -0.82444024 -0.8155347  -0.8118808  -0.80705525
 -0.80548972 -0.80285226 -0.79442075 -0.68426917]
------ -0.8521820517806372
13
[-0.85218205 -0.85218205 -0.82444024 -0.81963375 -0.81193562 -0.80454219
 -0.79181277 -0.78890733 -0.77341553 -0.68426917]
------ -0.8521820517806372
14
[-0.85218205 -0.85218205 -0.82749873 -0.82444024 -0.81025135 -0.80668559
 -0.80625481 -0.7964655  -0.79303618 -0.68426917]
------ -0.8521820517806372
15
[-0.85218205 -0.85218205 -0.82444024 -0.82124948 -0.80746657 -0.8010563
 -0.79954616 -0.79832119 -0.78963822 -0.68426917]
------ -0.8521820517806372
16
[-0.85218205 -0.85218205 -0.83823182 -0.82444024 -0.82172171 -0.81771657
 -0.81198848 -0.80841513 -0.80761842 -0.68426917]
------ -0.8521820517806372
17
[-0.85218205 -0.85218205 -0.82691714 -0.82495611 -0.82444024 -0.81130888
 -0.81129988 -0.81058294 -0.80008579 -0.68426917]
------ -0.8521820517806372
18
[-0.85218205 -0.85218205 -0.82558033 -0.82444024 -0.82052367 -0.81618157
 -0.81146342 -0.80197126 -0.79713255 -0.68426917]
------ -0.8521820517806372
19
[-0.85218205 -0.85218205 -0.8261109  -0.82444024 -0.8140202  -0.81014895
 -0.80516646 -0.79558998 -0.79143424 -0.68426917]
------ -0.8521820517806372
20
[-0.85218205 -0.85218205 -0.82444024 -0.81984722 -0.81549536 -0.8112372
 -0.8084455  -0.79810379 -0.77950722 -0.68426917]
------ -0.8521820517806372
21
[-0.85218205 -0.85218205 -0.82444024 -0.81651104 -0.80916518 -0.80810385
 -0.79911994 -0.79785475 -0.77841171 -0.68426917]
------ -0.8521820517806372
22
[-0.85218205 -0.85218205 -0.82444024 -0.81216707 -0.80991331 -0.80764414
 -0.80565646 -0.80418219 -0.79435126 -0.68426917]
------ -0.8521820517806372
23
[-0.85218205 -0.85218205 -0.8260339  -0.82444024 -0.8143895  -0.81314226
 -0.81033019 -0.80905826 -0.79537182 -0.68426917]
------ -0.8521820517806372
24
[-0.85218205 -0.85218205 -0.82444024 -0.81027256 -0.80532533 -0.80246752
 -0.79915258 -0.79835195 -0.79040586 -0.68426917]
------ -0.8521820517806372
25
[-0.85218205 -0.85218205 -0.82444024 -0.81056347 -0.7980743  -0.79742195
 -0.79736945 -0.78613496 -0.78272152 -0.68426917]
------ -0.8521820517806372
26
[-0.85218205 -0.85218205 -0.82444024 -0.81858033 -0.80981267 -0.8058058
 -0.78928893 -0.78826348 -0.78050036 -0.68426917]
------ -0.8521820517806372
27
[-0.85218205 -0.85218205 -0.82444024 -0.81855188 -0.8050869  -0.79563765
 -0.7932511  -0.79184922 -0.78227405 -0.68426917]
------ -0.8521820517806372
28
[-0.85218205 -0.85218205 -0.82444024 -0.8144224  -0.809966   -0.80744096
 -0.79368339 -0.78926366 -0.77614327 -0.68426917]
------ -0.8521820517806372
29
[-0.85218205 -0.85218205 -0.82444024 -0.81409339 -0.81187814 -0.80651691
 -0.80576697 -0.78882329 -0.78576291 -0.68426917]
------ -0.8521820517806372
30
[-0.85218205 -0.85218205 -0.82444024 -0.81141507 -0.80652805 -0.79916797
 -0.79865393 -0.79330104 -0.78713099 -0.68426917]
------ -0.8521820517806372
31
[-0.85218205 -0.85218205 -0.82444024 -0.81846693 -0.81236092 -0.80561457
 -0.80325526 -0.80153476 -0.79404666 -0.68426917]
------ -0.8521820517806372
32
[-0.85218205 -0.85218205 -0.82444024 -0.81060917 -0.80972897 -0.80900747
 -0.79039787 -0.7873747  -0.78422642 -0.68426917]
------ -0.8521820517806372
33
[-0.85218205 -0.85218205 -0.82444024 -0.8199281  -0.8085228  -0.79389391
 -0.79352118 -0.78703206 -0.78512724 -0.68426917]
------ -0.8521820517806372
34
[-0.85218205 -0.85218205 -0.82444024 -0.81084566 -0.8089696  -0.80694561
 -0.80100471 -0.79336311 -0.79308058 -0.68426917]
------ -0.8521820517806372
35
[-0.85218205 -0.85218205 -0.82444024 -0.8233534  -0.81404752 -0.81164893
 -0.80714877 -0.79950023 -0.7803672  -0.68426917]
------ -0.8521820517806372
36
[-0.85218205 -0.85218205 -0.82444024 -0.80710225 -0.80012702 -0.79349986
 -0.79268373 -0.78871635 -0.78810659 -0.68426917]
------ -0.8521820517806372
37
[-0.85218205 -0.85218205 -0.82444024 -0.81823236 -0.81750694 -0.80953311
 -0.80447213 -0.79466474 -0.79101131 -0.68426917]
------ -0.8521820517806372
38
[-0.85218205 -0.85218205 -0.82444024 -0.82131837 -0.80240574 -0.7965993
 -0.79149199 -0.79048736 -0.78306975 -0.68426917]
------ -0.8521820517806372
39
[-0.85218205 -0.85218205 -0.82444024 -0.81785598 -0.81670054 -0.81609463
 -0.80605404 -0.79916557 -0.79500127 -0.68426917]
------ -0.8521820517806372
40
[-0.85218205 -0.85218205 -0.827464   -0.82444024 -0.82087265 -0.81804795
 -0.81705843 -0.7934401  -0.792654   -0.68426917]
------ -0.8521820517806372
41
[-0.85218205 -0.85218205 -0.82444024 -0.82062383 -0.82006532 -0.81570525
 -0.8121236  -0.80876677 -0.80006404 -0.68426917]
------ -0.8521820517806372
42
[-0.85218205 -0.85218205 -0.82751213 -0.82600731 -0.82444024 -0.81277251
 -0.81232803 -0.81157944 -0.79833283 -0.68426917]
------ -0.8521820517806372
43
[-0.85218205 -0.85218205 -0.82897983 -0.82444024 -0.81504919 -0.79544391
 -0.78954771 -0.78513858 -0.78287755 -0.68426917]
------ -0.8521820517806372
44
[-0.85218205 -0.85218205 -0.8251024  -0.82444024 -0.82370499 -0.82335499
 -0.78982911 -0.78738435 -0.786803   -0.68426917]
------ -0.8521820517806372
45
[-0.85218205 -0.85218205 -0.82907773 -0.82444024 -0.82441804 -0.8070148
 -0.80171035 -0.79574744 -0.79406266 -0.68426917]
------ -0.8521820517806372
46
[-0.85218205 -0.85218205 -0.82444024 -0.82357857 -0.82324969 -0.79566823
 -0.79490585 -0.78466965 -0.78445982 -0.68426917]
------ -0.8521820517806372
47
[-0.85218205 -0.85218205 -0.82444024 -0.81956386 -0.81358423 -0.81050999
 -0.81008878 -0.80145862 -0.79673489 -0.68426917]
------ -0.8521820517806372
48
[-0.85218205 -0.85218205 -0.82444024 -0.82171092 -0.817721   -0.81405786
 -0.81293258 -0.80655468 -0.80245242 -0.68426917]
------ -0.8521820517806372
49
[-0.85218205 -0.85218205 -0.82444024 -0.81840666 -0.81172662 -0.80096424
 -0.79646897 -0.78757798 -0.78697731 -0.68426917]
------ -0.8521820517806372
50
[-0.85218205 -0.85218205 -0.82444024 -0.81990127 -0.81318846 -0.80894232
 -0.79919312 -0.78310626 -0.78051946 -0.68426917]
------ -0.8521820517806372
51
[-0.85218205 -0.85218205 -0.82444024 -0.81692457 -0.80873408 -0.80670824
 -0.80263551 -0.79467921 -0.77924164 -0.68426917]
------ -0.8521820517806372
52
[-0.85218205 -0.85218205 -0.82444024 -0.81610022 -0.81359543 -0.8119832
 -0.80759032 -0.80755824 -0.79881029 -0.68426917]
------ -0.8521820517806372
53
Traceback (most recent call last):
  File "Tophat.py", line 179, in <module>
    for i in range(0, maxite):
  File "Tophat.py", line 36, in evaluateKernel
    img = cv2.morphologyEx(img, cv2.MORPH_BLACKHAT, kernel)
KeyboardInterrupt
