-0.7267054170923909
-0.7533805522727651
-0.7533805522727651
-0.7576602011555035
-0.7625363529843039
-0.7657573242657402
-0.7657573242657402
-0.7657573242657402
-0.7674311245701865
-0.7684578442394668
-0.7684578442394668
-0.7684578442394668
-0.7684578442394668
-0.7686779111986575
-0.7687126718113532
-0.7688124602008121
-0.7690207653143517
-0.7690207653143517
-0.7691517457228776
-0.7691517457228776
-0.7691517457228776
-0.7691517457228776
-0.7691517457228776
-0.7691517457228776
-0.7691517457228776
-0.7691517457228776
-0.7691517457228776
-0.7691517457228776
-0.7691517457228776
-0.7691517457228776
-0.7691517457228776
-0.7691517457228776
-0.7691517457228776
-0.7691517457228776
-0.7691517457228776
-0.7691517457228776
-0.7691517457228776
-0.7691517457228776
-0.7691517457228776
-0.7691517457228776
-0.7691517457228776
-0.7691517457228776
-0.7691517457228776
-0.7691517457228776
-0.7691517457228776
-0.7691517457228776
-0.7691517457228776
-0.7691517457228776
-0.7691517457228776
-0.7691517457228776
-0.7691517457228776
-0.7691517457228776
-0.7691517457228776
-0.7691517457228776
-0.7691517457228776
-0.7691517457228776
-0.7691517457228776
-0.7691517457228776
-0.7691517457228776
-0.7691517457228776
-0.7691517457228776
-0.7691517457228776
-0.7691517457228776
-0.7691517457228776
-0.7691517457228776
-0.7691517457228776
-0.7691517457228776
-0.7691517457228776
-0.7691517457228776
-0.7691517457228776
-0.7691517457228776
-0.7691517457228776
-0.7691517457228776
-0.7691517457228776
-0.7691517457228776
-0.7691517457228776
-0.7691517457228776
-0.7691517457228776
-0.7691517457228776
-0.7691517457228776
-0.7691517457228776
-0.7691517457228776
-0.7691517457228776
-0.7691517457228776
-0.7691517457228776
-0.7691517457228776
-0.7691517457228776
-0.7691517457228776
-0.7691517457228776
-0.7691517457228776
-0.7691517457228776
-0.7691517457228776
-0.7691517457228776
-0.7691517457228776
-0.7691517457228776
-0.7691517457228776
-0.7691517457228776
-0.7691517457228776
-0.7691517457228776
-0.7691517457228776
-0.7691517457228776
[1. 1. 1. 0. 1. 1. 1. 1. 1. 1. 1. 1. 1. 1. 1. 1. 1. 1. 1. 0. 1. 1. 1. 1.
 1. 1. 1. 1. 1. 1. 1. 1. 1. 0. 0. 0. 1. 0. 1. 0. 0. 1. 1. 1. 1. 1. 1. 1.
 1. 1. 1. 1. 1. 1. 1. 0. 1. 1. 1. 1. 1. 1. 1. 0. 1. 1. 0. 0. 1. 1. 1. 1.
 1. 1. 1. 1. 0. 0. 1. 1. 1. 1. 0. 1. 1. 1. 1. 1. 1. 1. 1. 1. 1. 1. 1. 1.
 0. 0. 1. 1. 1. 0. 1. 1. 1. 1. 0. 1. 1. 0. 1. 1. 1. 1. 1. 1. 1. 0. 1. 1.
 1. 1. 1. 1. 1. 1. 1. 1. 1. 0. 1. 1. 1. 1. 1. 1. 1. 1. 0. 1. 1. 1. 0. 0.
 1. 0. 1. 1. 1. 1. 1. 1. 1. 1. 1. 1. 1. 1. 1. 1. 1. 0. 1. 1. 1. 1. 1. 1.
 1. 1. 1. 0. 1. 1. 1. 1. 1. 0. 1. 1. 1. 1. 1. 1. 1. 1. 1. 1. 1. 1. 1. 1.
 1. 0. 1. 1. 0. 1. 1. 0. 1. 1. 1. 1. 1. 1. 1. 1. 1. 1. 1. 1. 1. 1. 1. 1.
 0. 1. 0. 1. 1. 1. 0. 1. 1. 1. 1. 1. 1. 1. 1. 1. 1. 0. 1. 1. 1. 1. 1. 1.
 1. 1. 1. 1. 1. 1. 1. 0. 1. 0. 1. 1. 1. 1. 0. 0. 1. 1. 1. 0. 1. 1. 0. 0.
 1. 1. 1. 1. 1. 1. 1. 1. 1. 1. 0. 1. 0. 1. 0. 1. 1. 1. 1. 1. 0. 1. 1. 1.
 1. 1. 0. 1. 1. 1. 1. 1. 1. 1. 1. 0. 1. 1. 1. 0. 1. 1. 0. 0. 1. 1. 1. 1.
 1. 1. 0. 1. 1. 1. 1. 1. 1. 1. 0. 0. 1. 0. 1. 1. 1. 1. 0. 1. 0. 1. 1. 1.
 1. 1. 0. 1. 1. 1. 0. 0. 0. 0. 1. 1. 0. 1. 1. 0. 1. 1. 1. 0. 1. 1. 0. 0.
 0.]
real	67m26.526s
user	64m32.527s
sys	0m3.460s
