-0.784384415095723
-0.7854621022592746
-0.7854621022592746
-0.7899760052155408
-0.8036884410798804
-0.8043652893965948
-0.8043652893965948
-0.8043652893965948
-0.8092654424080379
-0.8093286842036675
-0.8093286842036675
-0.810289885218767
-0.8104277046442034
-0.8109711424208077
-0.8123205925910071
-0.8123205925910071
-0.8123205925910071
-0.8123205925910071
-0.8123699040555851
-0.8123699040555851
-0.812388924270989
-0.812388924270989
-0.8124959754441656
-0.8124959754441656
-0.8124959754441656
-0.8124959754441656
-0.8124959754441656
-0.8124959754441656
-0.8124959754441656
-0.8124959754441656
-0.8124959754441656
-0.8124959754441656
-0.8124959754441656
-0.8124959754441656
-0.8124959754441656
-0.8124959754441656
-0.8124959754441656
-0.8124959754441656
-0.8124959754441656
-0.8124959754441656
-0.8124959754441656
-0.8124959754441656
-0.8124959754441656
-0.8124959754441656
-0.8124959754441656
-0.8124959754441656
-0.8124959754441656
-0.8124959754441656
-0.8124959754441656
-0.8124959754441656
-0.8124959754441656
-0.8124959754441656
-0.8124959754441656
-0.8124959754441656
-0.8124959754441656
-0.8124959754441656
-0.8124959754441656
-0.8124959754441656
-0.8124959754441656
-0.8124959754441656
-0.8124959754441656
-0.8124959754441656
-0.8124959754441656
-0.8124959754441656
-0.8124959754441656
-0.8124959754441656
-0.8124959754441656
-0.8124959754441656
-0.8124959754441656
-0.8124959754441656
-0.8124959754441656
-0.8124959754441656
-0.8124959754441656
-0.8124959754441656
-0.8124959754441656
-0.8124959754441656
-0.8124959754441656
-0.8124959754441656
-0.8124959754441656
-0.8124959754441656
-0.8124959754441656
-0.8124959754441656
-0.8124959754441656
-0.8124959754441656
-0.8124959754441656
-0.8124959754441656
-0.8124959754441656
-0.8124959754441656
-0.8124959754441656
-0.8124959754441656
-0.8124959754441656
-0.8124959754441656
-0.8124959754441656
-0.8124959754441656
-0.8124959754441656
-0.8124959754441656
-0.8124959754441656
-0.8124959754441656
-0.8124959754441656
-0.8124959754441656
-0.8124959754441656
[1. 1. 0. 0. 0. 1. 0. 1. 1. 0. 1. 1. 0. 0. 1. 1. 0. 1. 0. 0. 0. 0. 1. 0.
 1. 0. 0. 0. 1. 1. 0. 0. 0. 0. 0. 1. 0. 0. 1. 1. 1. 1. 1. 1. 1. 1. 1. 1.
 1. 0. 0. 0. 1. 0. 0. 0. 0. 1. 0. 0. 0. 0. 0. 1. 0. 1. 1. 1. 1. 1. 1. 0.
 1. 1. 1. 1. 1. 1. 1. 1. 0. 0. 0. 0. 1. 1. 1. 0. 1. 0. 1. 1. 1. 1. 1. 0.
 1. 1. 1. 1. 1. 1. 1. 1. 1. 1. 1. 1. 1. 1. 1. 0. 0. 1. 1. 0. 0. 1. 0. 1.
 1. 1. 1. 1. 1. 1. 0. 1. 1. 1. 1. 1. 1. 1. 1. 0. 1. 1. 1. 1. 1. 0. 1. 1.
 1. 1. 1. 1. 1. 1. 1. 1. 1. 1. 1. 1. 1. 1. 1. 1. 1. 1. 1. 1. 1. 1. 1. 1.
 1. 0. 1. 1. 0. 1. 0. 0. 0. 1. 1. 1. 1. 1. 1. 0. 1. 1. 1. 1. 1. 1. 1. 1.
 1. 1. 1. 1. 1. 1. 1. 1. 0. 1. 0. 1. 0. 1. 1. 1. 1. 1. 1. 1. 1. 1. 1. 1.
 1. 1. 1. 1. 1. 1. 1. 1. 1. 1. 1. 1. 1. 1. 1. 1. 0. 1. 1. 1. 1. 1. 1. 1.
 1. 1. 0. 1. 1. 0. 1. 1. 1. 1. 1. 1. 1. 1. 1. 1. 1. 1. 1. 1. 0. 1. 1. 0.
 1. 0. 1. 1. 1. 1. 1. 1. 1. 1. 1. 1. 1. 1. 1. 1. 1. 1. 1. 1. 1. 1. 1. 1.
 1. 0. 1. 1. 1. 1. 1. 1. 1. 1. 1. 1. 1. 1. 1. 1. 1. 1. 1. 0. 1. 1. 0. 1.
 1. 1. 1. 1. 1. 1. 1. 1. 1. 1. 1. 1. 0. 1. 1. 1. 1. 1. 1. 1. 1. 0. 1. 1.
 1. 1. 1. 1. 1. 1. 1. 1. 0. 1. 1. 1. 1. 1. 1. 1. 1. 1. 1. 1. 0. 1. 1. 1.
 1. 1. 1. 1. 1. 1. 1. 1. 1. 1. 1. 1. 1. 1. 0. 1. 1. 1. 1. 1. 1. 1. 1. 1.
 1. 1. 1. 1. 1. 1. 0. 1. 1. 0. 1. 1. 1. 1. 1. 1. 1. 1. 1. 1. 1. 1. 1. 1.
 1. 1. 1. 0. 0. 1. 1. 1. 1. 1. 1. 1. 1. 1. 1. 0. 0. 1. 1. 1. 1. 1. 1. 1.
 1. 1. 1. 1. 0. 1. 0. 1. 1. 1. 1. 1. 1. 0. 1. 1. 1. 1. 1. 1. 1. 1. 1. 1.
 0. 1. 1. 0. 1. 1. 0. 1. 1. 1. 1. 1. 1. 1. 1. 0. 1. 1. 1. 1. 1. 1. 1. 1.
 1. 1. 1. 1. 1. 1. 0. 1. 1. 1. 1. 1. 1. 0. 1. 1. 1. 1. 1. 0. 1. 1. 0. 1.
 1. 1. 1. 1. 1. 1. 0. 1. 1. 1. 1. 1. 1. 1. 1. 1. 1. 1. 0. 1. 1. 1. 1. 1.
 1. 1. 1. 1. 1. 1. 1. 1. 1. 1. 1. 1. 1. 1. 1. 0. 1. 1. 0. 1. 0. 0. 1. 0.
 1. 1. 1. 1. 1. 1. 1. 1. 1. 1. 1. 1. 1. 1. 1. 1. 0. 1. 1. 1. 1. 1. 1. 1.
 1. 1. 1. 0. 0. 1. 0. 1. 1. 1. 1. 1. 1. 1. 1. 1. 1. 1. 1. 1. 1. 1. 1. 1.
 1. 1. 0. 1. 0. 1. 1. 1. 0. 1. 0. 1. 1. 1. 1. 1. 1. 1. 1. 1. 1. 1. 1. 1.
 1. 1. 1. 1. 1. 1. 1. 1. 1. 1. 1. 1. 0. 0. 0. 1. 0. 1. 1. 1. 1. 0. 1. 1.
 1. 1. 1. 1. 1. 1. 1. 0. 1. 1. 1. 0. 1. 1. 1. 1. 0. 1. 0. 0. 0. 0. 1. 1.
 1. 1. 1. 1. 1. 0. 1. 1. 0. 1. 1. 0. 1. 0. 1. 1. 0. 1. 1. 1. 1. 1. 1. 0.
 0. 0. 0. 0. 1. 1. 1. 1. 1. 1. 1. 1. 1. 1. 1. 1. 1. 1. 1. 1. 0. 1. 0. 1.
 1. 0. 0. 0. 1. 0. 0. 0. 0. 0. 1. 1. 1. 1. 1. 1. 1. 1. 0. 1. 1. 1. 1. 1.
 1. 1. 1. 0. 1. 0. 1. 1. 1. 0. 0. 0. 0. 0. 0. 0. 0. 1. 0. 1. 1. 1. 1. 1.
 1. 1. 1. 1. 1. 1. 1. 1. 1. 0. 0. 0. 0. 0. 0. 0. 0. 0. 0. 0. 1. 1. 0. 0.
 1. 1. 1. 1. 1. 1. 1. 1. 1. 1. 1. 0. 0. 1. 0. 0. 0. 1. 1. 0. 0. 0. 0. 0.
 0. 1. 0. 0. 1. 0. 0. 1. 0. 0. 1. 0. 1. 0. 0. 1. 1. 0. 0. 1. 0. 0. 1. 0.
 0.]
real	67m26.526s
user	64m32.527s
sys	0m3.460s
